1	0	1
1	1	1
1	3	1
1	4194288	1
1	4194302	1
1	0	1
1	1	1
1	4194303	1
1	4194271	1
1	4194296	1
1	4194272	1
1	4194254	1
1	4194230	1
1	4194219	1
1	4194212	1
1	4194190	1
1	4194182	1
1	4194180	1
1	4194185	1
1	4193918	1
1	256	1
1	3	1
1	7	1
1	15	1
1	2	1
1	4	3
1	8	7
1	16	48
1	64	64
1	4194176	4
1	4194181	1
1	4194183	2
1	4194186	4
1	4194191	21
1	4194213	6
1	4194220	10
1	4194231	9
1	4194240	14
1	4194255	16
1	4194273	15
1	4194289	7
1	4194297	5
1	512	1
1	4194288	1
1	4194302	1
1	0	1
1	1	1
1	4194303	1
1	4194271	1
1	4194296	1
1	4194272	1
1	4194254	1
1	4194230	1
1	4194219	1
1	4194212	1
1	4194190	1
1	4194182	1
1	4194180	1
1	4194185	1
1	4193918	1
1	256	1
1	3	1
1	7	1
1	15	1
1	2	1
1	4	3
1	8	7
1	16	48
1	64	64
1	4194176	4
1	4194181	1
1	4194183	2
1	4194186	4
1	4194191	21
1	4194213	6
1	4194220	10
1	4194231	9
1	4194240	14
1	4194255	16
1	4194273	15
1	4194289	7
1	4194297	5
1	512	1
1	0	1
1	1	1
1	4194288	1
1	4194302	1
1	4194303	1
1	4194271	1
1	4194296	1
1	4194272	1
1	4194254	1
1	4194230	1
1	4194219	1
1	4194212	1
1	4194190	1
1	4194182	1
1	4194180	1
1	4194185	1
1	4193918	1
1	256	1
1	3	1
1	7	1
1	15	1
1	2	1
1	4	3
1	8	7
1	16	48
1	64	64
1	4194176	4
1	4194181	1
1	4194183	2
1	4194186	4
1	4194191	21
1	4194213	6
1	4194220	10
1	4194231	9
1	4194240	14
1	4194255	16
1	4194273	15
1	4194289	7
1	4194297	5
1	512	1
7	0	1
1	0	1
1	0	1
1	4194288	1
1	4194302	1
1	1	1
1	4194303	1
1	4194271	1
1	4194296	1
1	4194272	1
1	4194254	1
1	4194230	1
1	4194219	1
1	4194212	1
1	4194190	1
1	4194182	1
1	4194180	1
1	4194185	1
1	4193918	1
1	256	1
1	3	1
1	7	1
1	15	1
1	2	1
1	4	3
1	8	7
1	16	48
1	64	64
1	4194176	4
1	4194181	1
1	4194183	2
1	4194186	4
1	4194191	21
1	4194213	6
1	4194220	10
1	4194231	9
1	4194240	14
1	4194255	16
1	4194273	15
1	4194289	7
1	4194297	5
1	512	1
1	4194288	1
1	4194302	1
1	65536	1
1	65537	1
1	4194303	1
1	4194271	1
1	65792	1
1	65539	1
1	65543	1
1	65551	1
1	65538	1
1	65540	3
1	65544	7
1	65552	48
1	65600	64
1	4194176	64
1	4194240	31
1	4194272	16
1	4194289	13
1	66048	1
1	0	1
1	4194288	1
1	4194302	1
1	0	1
1	1	1
1	4194303	1
1	4194271	1
1	4194296	1
1	4194272	1
1	4194254	1
1	4194230	1
1	4194219	1
1	4194212	1
1	4194190	1
1	4194182	1
1	4194180	1
1	4194185	1
1	4193918	1
1	256	1
1	3	1
1	7	1
1	15	1
1	2	1
1	4	3
1	8	7
1	16	48
1	64	64
1	4194176	4
1	4194181	1
1	4194183	2
1	4194186	4
1	4194191	21
1	4194213	6
1	4194220	10
1	4194231	9
1	4194240	14
1	4194255	16
1	4194273	15
1	4194289	7
1	4194297	5
1	512	1
1	4194288	1
1	4194302	1
1	65536	1
1	65537	1
1	4194303	1
1	4194271	1
1	65792	1
1	65539	1
1	65543	1
1	65551	1
1	65538	1
1	65540	3
1	65544	7
1	65552	48
1	65600	64
1	4194176	64
1	4194240	31
1	4194272	16
1	4194289	13
1	66048	1
1	0	1
1	4194288	1
1	4194302	1
1	65536	1
1	65537	1
1	4194303	1
1	4194271	1
1	65792	1
1	65539	1
1	65543	1
1	65551	1
1	65538	1
1	65540	3
1	65544	7
1	65552	48
1	65600	64
1	4194176	64
1	4194240	31
1	4194272	16
1	4194289	13
1	66048	1
1	0	1
1	65536	1
1	65539	1
1	65543	1
1	65536	4
1	65536	1
1	98304	1
1	163840	1
1	229376	1
1	294912	1
1	360448	1
1	884736	1
1	950272	1
1	1671168	1
1	2719744	1
1	4161536	1
7	65536	256
7	65792	256
7	66048	256
7	66304	242
7	66561	1
7	66577	1
7	74769	6
7	98304	2
7	163840	2
7	229376	2
7	294912	2
7	360448	2
7	589824	1
7	884736	2
7	950272	2
7	1114112	1
7	1638400	3
7	1671168	2
7	1672177	256
7	1672433	256
7	1672689	256
7	1672945	256
7	1673201	256
7	1673457	256
7	1673713	256
7	1673969	256
7	1674225	256
7	1674481	256
7	1674737	256
7	1674993	256
7	1675249	256
7	1675505	256
7	1675761	256
7	1676017	256
7	1676273	256
7	1676529	256
7	1676785	256
7	1677041	256
7	1677297	256
7	1677553	256
7	1677809	256
7	1678065	256
7	1678321	256
7	1678577	256
7	1678833	256
7	1679089	256
7	1679345	256
7	1679601	256
7	1679857	256
7	1680113	256
7	1680369	256
7	1680625	256
7	1680881	256
7	1681137	256
7	1681393	256
7	1681649	256
7	1681905	256
7	1682161	256
7	1682417	256
7	1682673	256
7	1682929	256
7	1683185	256
7	1683441	256
7	1683697	256
7	1683953	256
7	1684209	256
7	1684465	256
7	1684721	256
7	1684977	256
7	1685233	256
7	1685489	256
7	1685745	256
7	1686001	256
7	1686257	256
7	1686513	256
7	1686769	256
7	1687025	256
7	1687281	256
7	1687537	256
7	1687793	256
7	1688049	256
7	1688305	256
7	1688561	256
7	1688817	256
7	1689073	256
7	1689329	256
7	1689585	256
7	1689841	256
7	1690097	256
7	1690353	256
7	1690609	256
7	1690865	256
7	1691121	256
7	1691377	256
7	1691633	256
7	1691889	256
7	1692145	256
7	1692401	256
7	1692657	256
7	1692913	256
7	1693169	256
7	1693425	256
7	1693681	256
7	1693937	256
7	1694193	256
7	1694449	256
7	1694705	256
7	1694961	256
7	1695217	256
7	1695473	256
7	1695729	256
7	1695985	256
7	1696241	256
7	1696497	256
7	1696753	256
7	1697009	256
7	1697265	256
7	1697521	256
7	1697777	256
7	1698033	256
7	1698289	256
7	1698545	256
7	1698801	256
7	1699057	256
7	1699313	256
7	1699569	256
7	1699825	256
7	1700081	256
7	1700337	256
7	1700593	256
7	1700849	256
7	1701105	256
7	1701361	256
7	1701617	256
7	1701873	256
7	1702129	256
7	1702385	256
7	1702641	256
7	1702897	256
7	1703153	256
7	1703409	256
7	1703665	256
7	1703921	256
7	1704177	256
7	1704433	256
7	1704689	256
7	2162688	1
7	2686976	1
7	2719744	2
7	3211264	1
7	3735552	1
7	3735565	1
7	4161536	2
7	4194288	16
7	65536	1
1	4194288	1
1	4194302	1
1	65536	1
1	65537	1
1	4194303	1
1	4194271	1
1	65792	1
1	65539	1
1	65543	1
1	65551	1
1	65538	1
1	65540	3
1	65544	7
1	65552	48
1	65600	64
1	4194176	64
1	4194240	31
1	4194272	16
1	4194289	13
1	66048	1
1	0	1
1	65536	1
1	65537	1

