1	0	1
1	1	1
1	3	1
1	4194288	1
1	4194302	1
1	0	1
1	1	1
1	4194303	1
1	4194271	1
1	4194296	1
1	4194272	1
1	4194254	1
1	4194230	1
1	4194219	1
1	4194212	1
1	4194190	1
1	4194182	1
1	4194180	1
1	4194185	1
1	4193918	1
1	256	1
1	3	1
1	7	1
1	15	1
1	2	1
1	4	3
1	8	7
1	16	48
1	64	64
1	4194176	4
1	4194181	1
1	4194183	2
1	4194186	4
1	4194191	21
1	4194213	6
1	4194220	10
1	4194231	9
1	4194240	14
1	4194255	16
1	4194273	15
1	4194289	7
1	4194297	5
1	512	1
1	4194288	1
1	4194302	1
1	0	1
1	1	1
1	4194303	1
1	4194271	1
1	4194296	1
1	4194272	1
1	4194254	1
1	4194230	1
1	4194219	1
1	4194212	1
1	4194190	1
1	4194182	1
1	4194180	1
1	4194185	1
1	4193918	1
1	256	1
1	3	1
1	7	1
1	15	1
1	2	1
1	4	3
1	8	7
1	16	48
1	64	64
1	4194176	4
1	4194181	1
1	4194183	2
1	4194186	4
1	4194191	21
1	4194213	6
1	4194220	10
1	4194231	9
1	4194240	14
1	4194255	16
1	4194273	15
1	4194289	7
1	4194297	5
1	512	1
1	0	1
1	1	1
1	4194288	1
1	4194302	1
1	4194303	1
1	4194271	1
1	4194296	1
1	4194272	1
1	4194254	1
1	4194230	1
1	4194219	1
1	4194212	1
1	4194190	1
1	4194182	1
1	4194180	1
1	4194185	1
1	4193918	1
1	256	1
1	3	1
1	7	1
1	15	1
1	2	1
1	4	3
1	8	7
1	16	48
1	64	64
1	4194176	4
1	4194181	1
1	4194183	2
1	4194186	4
1	4194191	21
1	4194213	6
1	4194220	10
1	4194231	9
1	4194240	14
1	4194255	16
1	4194273	15
1	4194289	7
1	4194297	5
1	512	1
7	0	1
1	0	1
1	0	1
1	4194288	1
1	4194302	1
1	0	1
1	1	1
1	4194303	1
1	4194271	1
1	4194296	1
1	4194272	1
1	4194254	1
1	4194230	1
1	4194219	1
1	4194212	1
1	4194190	1
1	4194182	1
1	4194180	1
1	4194185	1
1	4193918	1
1	256	1
1	3	1
1	7	1
1	15	1
1	2	1
1	4	3
1	8	7
1	16	48
1	64	64
1	4194176	4
1	4194181	1
1	4194183	2
1	4194186	4
1	4194191	21
1	4194213	6
1	4194220	10
1	4194231	9
1	4194240	14
1	4194255	16
1	4194273	15
1	4194289	7
1	4194297	5
1	512	1
1	4194288	1
1	4194302	1
1	65536	1
1	65537	1
1	4194303	1
1	4194271	1
1	65792	1
1	65539	1
1	65543	1
1	65551	1
1	65538	1
1	65540	3
1	65544	7
1	65552	48
1	65600	64
1	4194176	64
1	4194240	31
1	4194272	16
1	4194289	13
1	66048	1
1	0	1
1	4194288	1
1	4194302	1
1	0	1
1	1	1
1	4194303	1
1	4194271	1
1	4194296	1
1	4194272	1
1	4194254	1
1	4194230	1
1	4194219	1
1	4194212	1
1	4194190	1
1	4194182	1
1	4194180	1
1	4194185	1
1	4193918	1
1	256	1
1	3	1
1	7	1
1	15	1
1	2	1
1	4	3
1	8	7
1	16	48
1	64	64
1	4194176	4
1	4194181	1
1	4194183	2
1	4194186	4
1	4194191	21
1	4194213	6
1	4194220	10
1	4194231	9
1	4194240	14
1	4194255	16
1	4194273	15
1	4194289	7
1	4194297	5
1	512	1
1	4194288	1
1	4194302	1
1	65536	1
1	65537	1
1	4194303	1
1	4194271	1
1	65792	1
1	65539	1
1	65543	1
1	65551	1
1	65538	1
1	65540	3
1	65544	7
1	65552	48
1	65600	64
1	4194176	64
1	4194240	31
1	4194272	16
1	4194289	13
1	66048	1
1	0	1
1	4177920	1
7	65536	2
7	73728	6
7	74240	1
7	74245	1
7	74752	256
7	75008	256
7	75776	256
7	76032	256
7	76800	256
7	77056	256
7	77824	256
7	78080	256
7	78848	256
7	79104	256
7	79872	256
7	80128	256
7	80896	256
7	81152	256
7	81920	256
7	82176	256
7	82944	256
7	83200	256
7	83968	256
7	84224	256
7	84992	256
7	86016	256
7	86272	256
7	87040	256
7	87296	256
7	88064	256
7	88320	256
7	89088	256
7	89344	256
7	90112	256
7	90368	256
7	91136	256
7	91392	256
7	92160	256
7	92416	256
7	93184	256
7	93440	256
7	4161536	1
7	4177920	1
7	4186112	1
1	4194288	1
1	4194302	1
1	65536	1
1	65537	1
1	4194303	1
1	4194271	1
1	65792	1
1	65539	1
1	65543	1
1	65551	1
1	65538	1
1	65540	3
1	65544	7
1	65552	48
1	65600	64
1	4194176	64
1	4194240	31
1	4194272	16
1	4194289	13
1	66048	1
1	0	1
1	65536	1
1	65537	1
1	73728	1
1	73733	1
1	74240	1
1	74245	1
1	74241	1
1	74242	3
1	74752	146

